0 0 0
0 1 8.492
0 2 -0.45247
0 3 -3.8084
0 4 3.4036
0 5 -0.41752
0 6 1.1956
0 7 1.0298
0 8 0.39629
0 9 0.71568
0 10 0.83891
0 11 -2.8363
0 12 -1.0671
0 13 3.5156
0 14 -0.0051726
0 15 0.57367
0 16 1.331
0 17 -5.2162
0 18 -0.38393
0 19 -1.3587
0 20 0.01539
0 21 2.9467
0 22 18.813
0 23 0.040024
0 24 -0.30472
0 25 -4.9145
0 26 0.87139
0 27 0.33485
0 28 -0.40468
0 29 2.998
0 30 8.8525
0 31 0.51563
0 32 -2.2374
0 33 -0.062574
0 34 -1.7385
0 35 -2.0908
0 36 9.3359
0 37 -1.0911
0 38 -2.2605
0 39 1.2929
0 40 0.51441
0 41 1.3214
0 42 0.87495
0 43 0.68507
0 44 -1.872
0 45 -0.1949
0 46 -0.94274
0 47 -0.27518
0 48 -2.2544
0 49 1.2537
0 50 -1.6454
0 51 -0.96188
0 52 1.4262
0 53 3.1218
0 54 -0.3776
0 55 1.9627
0 56 -0.52152
0 57 -0.26533
0 58 2.37
0 59 -2.4966
0 60 1.6174
0 61 1.1542
0 62 3.2842
0 63 -0.91842
0 64 -1.9012
0 65 1.482
0 66 -0.38234
0 67 0.02134
0 68 0.099577
0 69 -2.2654
0 70 0.94835
0 71 0.59412
0 72 1.0886
0 73 3.0003
0 74 0.6066
0 75 0.5924
0 76 2.5376
0 77 -2.053
0 78 0.33635
0 79 1.1167
0 80 0.88254
0 81 0.11404
0 82 -0.64331
0 83 1.5446
0 84 0.073598
0 85 1.9539
0 86 -1.1259
0 87 -0.97872
0 88 0.032759
0 89 -1.212
0 90 -1.4624
0 91 1.951
0 92 0.282
0 93 -0.31553
0 94 -1.1485
0 95 2.3454
0 96 -4.339
0 97 2.1757
0 98 -0.026203
0 99 1.7928
1 0 8.492
1 1 0
1 2 -1.451
1 3 1.8945
1 4 -6.7872
1 5 1.985
1 6 -1.9177
1 7 1.1411
1 8 13.721
1 9 -7.8512
1 10 -2.6832
1 11 0.94798
1 12 -1.5809
1 13 -0.29057
1 14 -0.20105
1 15 -0.1639
1 16 0.88522
1 17 -0.60548
1 18 -0.18855
1 19 1.0516
1 20 3.3773
1 21 0.62142
1 22 12.523
1 23 2.7424
1 24 -1.6284
1 25 2.6853
1 26 -1.6737
1 27 1.6853
1 28 4.1974
1 29 -3.7661
1 30 5.6709
1 31 0.86149
1 32 6.9076
1 33 -0.62714
1 34 1.0379
1 35 0.21328
1 36 5.7239
1 37 2.9234
1 38 -0.9428
1 39 0.37524
1 40 0.035665
1 41 1.1397
1 42 -0.27302
1 43 -0.8885
1 44 -1.8225
1 45 -0.85164
1 46 -0.48732
1 47 -2.875
1 48 -0.23137
1 49 2.1845
1 50 -1.0705
1 51 -0.44927
1 52 0.59862
1 53 0.14064
1 54 -0.1942
1 55 1.0203
1 56 1.0058
1 57 -0.55823
1 58 0.66523
1 59 -0.67659
1 60 0.14113
1 61 -1.1957
1 62 0.9451
1 63 0.50536
1 64 0.07148
1 65 -1.442
1 66 -2.3922
1 67 0.51303
1 68 -0.94532
1 69 0.036918
1 70 -0.42015
1 71 -1.1188
1 72 -1.1163
1 73 -0.41236
1 74 1.1972
1 75 0.95113
1 76 1.709
1 77 0.038885
1 78 0.32248
1 79 0.35239
1 80 -0.18612
1 81 -0.04161
1 82 -0.54768
1 83 0.1452
1 84 0.23899
1 85 1.165
1 86 -1.2115
1 87 0.72331
1 88 -0.83371
1 89 -1.337
1 90 -0.92707
1 91 -1.7294
1 92 0.39556
1 93 -0.68309
1 94 -1.2717
1 95 0.49233
1 96 -0.87646
1 97 0.17998
1 98 0.031334
1 99 -0.41681
2 0 -0.45247
2 1 -1.451
2 2 0
2 3 -0.019755
2 4 4.7403
2 5 5.5272
2 6 -9.9969
2 7 12.496
2 8 -0.83315
2 9 0.99514
2 10 1.8337
2 11 0.81018
2 12 1.4832
2 13 -1.1717
2 14 -0.19524
2 15 2.1158
2 16 -1.3631
2 17 0.55701
2 18 -0.75649
2 19 0.36321
2 20 -1.473
2 21 -0.83051
2 22 -1.5875
2 23 2.448
2 24 1.3813
2 25 -7.4962
2 26 7.3504
2 27 5.5554
2 28 0.2079
2 29 1.722
2 30 -2.0831
2 31 -5.504
2 32 2.8814
2 33 1.6692
2 34 0.10034
2 35 -0.53402
2 36 3.6747
2 37 -3.1973
2 38 0.89403
2 39 1.8343
2 40 -0.19577
2 41 -1.1677
2 42 0.83206
2 43 -1.4986
2 44 0.092865
2 45 0.1679
2 46 5.776
2 47 0.70633
2 48 0.93816
2 49 3.054
2 50 -1.2872
2 51 3.4195
2 52 1.1368
2 53 -0.55708
2 54 2.1753
2 55 -3.8352
2 56 0.80268
2 57 -8.8578
2 58 5.2671
2 59 -1.2364
2 60 1.6187
2 61 -2.581
2 62 0.11097
2 63 2.9622
2 64 -0.68804
2 65 3.0885
2 66 -3.534
2 67 -1.2307
2 68 0.87874
2 69 -4.2535
2 70 -5.1731
2 71 -1.5536
2 72 0.13826
2 73 0.93338
2 74 -2.9571
2 75 0.40784
2 76 0.33844
2 77 1.2307
2 78 -3.0284
2 79 0.60118
2 80 2.1739
2 81 -0.10968
2 82 -0.28599
2 83 2.0208
2 84 0.69433
2 85 0.86352
2 86 -0.83883
2 87 -2.3452
2 88 -0.047868
2 89 -1.25
2 90 2.1225
2 91 -0.40149
2 92 -0.52053
2 93 -0.60221
2 94 -1.8763
2 95 0.57939
2 96 -1.6434
2 97 1.2038
2 98 -0.58609
2 99 -2.1959
3 0 -3.8084
3 1 1.8945
3 2 -0.019755
3 3 0
3 4 -7.1075
3 5 -0.3043
3 6 -0.33768
3 7 -1.5519
3 8 6.7434
3 9 13.286
3 10 -2.3981
3 11 4.2725
3 12 1.3987
3 13 -2.3177
3 14 -0.71871
3 15 -1.0435
3 16 -0.075272
3 17 6.649
3 18 -0.70577
3 19 0.076763
3 20 2.8346
3 21 -2.2011
3 22 1.777
3 23 0.5299
3 24 2.9682
3 25 -0.27206
3 26 0.45077
3 27 0.33843
3 28 -3.9255
3 29 -0.19765
3 30 1.9639
3 31 2.7156
3 32 2.4919
3 33 -0.25418
3 34 -2.4909
3 35 -1.0082
3 36 -4.2339
3 37 0.93402
3 38 2.4857
3 39 -0.23069
3 40 0.61088
3 41 0.24094
3 42 -3.7854
3 43 -0.65495
3 44 0.25734
3 45 0.49632
3 46 1.4751
3 47 -2.4388
3 48 1.9756
3 49 0.85122
3 50 2.1856
3 51 -1.5517
3 52 -1.8427
3 53 -0.94963
3 54 -0.83345
3 55 -2.9479
3 56 0.88005
3 57 2.8932
3 58 2.9474
3 59 -1.6651
3 60 -0.054591
3 61 -0.33899
3 62 -0.3907
3 63 1.0267
3 64 -1.0984
3 65 -0.94246
3 66 -1.4453
3 67 -0.21392
3 68 0.08132
3 69 -1.0421
3 70 -0.10855
3 71 -0.6024
3 72 2.7138
3 73 -1.9046
3 74 4.9036
3 75 0.86924
3 76 -0.73089
3 77 -2.1071
3 78 0.91406
3 79 -0.75632
3 80 1.2291
3 81 -0.16248
3 82 0.72391
3 83 -0.77386
3 84 0.44461
3 85 -0.2469
3 86 0.41643
3 87 -1.8518
3 88 0.065943
3 89 -0.66674
3 90 1.4074
3 91 0.24754
3 92 0.014157
3 93 -1.8308
3 94 -1.5185
3 95 -0.17369
3 96 -3.6904
3 97 0.78228
3 98 -1.3791
3 99 0.36976
4 0 3.4036
4 1 -6.7872
4 2 4.7403
4 3 -7.1075
4 4 0
4 5 1.8472
4 6 2.2871
4 7 -2.4794
4 8 -5.3921
4 9 0.81356
4 10 -3.445
4 11 0.33269
4 12 5.3332
4 13 -7.0361
4 14 0.011085
4 15 0.9406
4 16 -8.045
4 17 0.91224
4 18 1.7756
4 19 -2.297
4 20 4.9035
4 21 1.6459
4 22 2.2634
4 23 0.90062
4 24 0.096426
4 25 7.2746
4 26 -6.7743
4 27 1.3189
4 28 -0.34997
4 29 7.144
4 30 -0.68047
4 31 -3.906
4 32 -4.3107
4 33 -0.83709
4 34 -4.7925
4 35 2.3979
4 36 2.909
4 37 -3.7168
4 38 -1.9844
4 39 -1.9237
4 40 -2.2319
4 41 -0.89557
4 42 -3.729
4 43 1.0608
4 44 -1.0703
4 45 1.5306
4 46 0.089261
4 47 -0.90763
4 48 -2.1877
4 49 11.728
4 50 -0.78496
4 51 -8.0442
4 52 -0.73085
4 53 1.7841
4 54 -0.53104
4 55 0.25542
4 56 0.20906
4 57 -0.54778
4 58 0.96753
4 59 -1.8695
4 60 0.3582
4 61 1.4077
4 62 -3.3139
4 63 -0.81099
4 64 1.8395
4 65 -0.92831
4 66 -2.7797
4 67 2.9418
4 68 0.59355
4 69 -3.3614
4 70 3.8094
4 71 -1.6039
4 72 -1.3082
4 73 -2.2948
4 74 -1.9525
4 75 0.97015
4 76 -1.8975
4 77 0.18488
4 78 -2.3628
4 79 -0.093829
4 80 2.1471
4 81 -0.77747
4 82 -0.24699
4 83 -0.37561
4 84 -1.3969
4 85 0.31934
4 86 -2.9351
4 87 0.12005
4 88 -0.87986
4 89 -0.27566
4 90 -0.19563
4 91 -1.2599
4 92 0.30385
4 93 -0.88124
4 94 0.37882
4 95 -1.8047
4 96 0.12085
4 97 -0.72353
4 98 -1.9594
4 99 -2.6547
5 0 -0.41752
5 1 1.985
5 2 5.5272
5 3 -0.3043
5 4 1.8472
5 5 0
5 6 8.1484
5 7 3.1977
5 8 -2.2138
5 9 -0.79059
5 10 -7.8122
5 11 0.90032
5 12 -0.3448
5 13 0.25495
5 14 6.3847
5 15 -0.72543
5 16 -2.1334
5 17 0.013188
5 18 0.60259
5 19 1.2756
5 20 -1.9134
5 21 -1.2702
5 22 0.20968
5 23 -3.7486
5 24 -0.17592
5 25 1.8754
5 26 5.9028
5 27 0.70003
5 28 -0.2146
5 29 -0.18403
5 30 -0.47755
5 31 7.4506
5 32 3.0042
5 33 -0.61506
5 34 -0.38401
5 35 3.0548
5 36 0.05842
5 37 0.13699
5 38 -1.3944
5 39 -1.1483
5 40 -0.53738
5 41 -1.4791
5 42 3.3232
5 43 -0.48939
5 44 0.16224
5 45 -0.14582
5 46 1.6424
5 47 -2.4596
5 48 1.276
5 49 -2.6605
5 50 0.29717
5 51 -2.6782
5 52 3.6687
5 53 -0.51364
5 54 2.4169
5 55 -4.313
5 56 -2.2512
5 57 -3.0051
5 58 0.56529
5 59 0.075278
5 60 -1.0031
5 61 4.3697
5 62 1.8222
5 63 0.62574
5 64 -2.6556
5 65 1.9434
5 66 0.40963
5 67 1.0065
5 68 0.070087
5 69 5.0745
5 70 2.7002
5 71 -0.23108
5 72 -0.99225
5 73 -0.65025
5 74 0.69437
5 75 -2.0334
5 76 0.65806
5 77 -0.98815
5 78 0.26943
5 79 -0.79696
5 80 -3.4275
5 81 -3.281
5 82 -1.6314
5 83 -1.2468
5 84 0.36438
5 85 0.015132
5 86 -1.8143
5 87 -0.98338
5 88 -0.98014
5 89 1.4373
5 90 0.29972
5 91 -0.97336
5 92 -1.3243
5 93 -0.37075
5 94 -0.035191
5 95 -1.8501
5 96 1.5094
5 97 -0.20587
5 98 -0.31702
5 99 -1.1441
6 0 1.1956
6 1 -1.9177
6 2 -9.9969
6 3 -0.33768
6 4 2.2871
6 5 8.1484
6 6 0
6 7 -1.3807
6 8 -0.90026
6 9 -1.6785
6 10 6.0592
6 11 -0.25189
6 12 6.4534
6 13 1.3564
6 14 0.42542
6 15 6.1858
6 16 2.8696
6 17 4.8354
6 18 -2.6865
6 19 3.553
6 20 -1.1529
6 21 1.3092
6 22 1.0081
6 23 3.4632
6 24 4.9562
6 25 2.006
6 26 -0.43178
6 27 -5.2942
6 28 2.4129
6 29 -1.9961
6 30 -0.45948
6 31 5.3093
6 32 -0.79888
6 33 1.9758
6 34 -1.9249
6 35 2.4659
6 36 -0.48133
6 37 -1.2588
6 38 0.92137
6 39 -3.5799
6 40 -1.8879
6 41 2.9564
6 42 -2.6718
6 43 -2.3077
6 44 -1.0883
6 45 0.23536
6 46 -2.4627
6 47 -1.9973
6 48 0.47107
6 49 -1.3778
6 50 -1.5662
6 51 0.53165
6 52 0.81809
6 53 -1.5069
6 54 0.097591
6 55 0.64599
6 56 -1.0577
6 57 4.3857
6 58 2.8493
6 59 -2.1709
6 60 1.1361
6 61 4.1497
6 62 1.7021
6 63 2.9222
6 64 -0.40277
6 65 -0.63006
6 66 0.34455
6 67 0.84715
6 68 -0.16895
6 69 0.95811
6 70 1.9291
6 71 0.17849
6 72 1.2541
6 73 -0.36279
6 74 2.2419
6 75 -1.7198
6 76 -2.4684
6 77 1.27
6 78 -1.5742
6 79 0.31432
6 80 -1.0096
6 81 -0.88977
6 82 -0.42731
6 83 -2.0212
6 84 -0.49569
6 85 -0.8813
6 86 0.40226
6 87 1.3897
6 88 -1.515
6 89 1.75
6 90 -0.52366
6 91 -1.3389
6 92 -0.49556
6 93 -0.075151
6 94 0.37159
6 95 -0.39606
6 96 -0.22726
6 97 0.098828
6 98 -0.63472
6 99 -1.3739
7 0 1.0298
7 1 1.1411
7 2 12.496
7 3 -1.5519
7 4 -2.4794
7 5 3.1977
7 6 -1.3807
7 7 0
7 8 -0.62337
7 9 -0.1133
7 10 -4.3045
7 11 -2.3405
7 12 4.7604
7 13 6.6601
7 14 0.62713
7 15 1.223
7 16 -5.8162
7 17 -1.1128
7 18 1.324
7 19 -1.9655
7 20 -2.5258
7 21 -0.86203
7 22 -2.0418
7 23 -2.8343
7 24 -6.3554
7 25 -1.4486
7 26 3.066
7 27 1.7852
7 28 -2.0065
7 29 -0.83198
7 30 -0.82159
7 31 2.7862
7 32 -0.49162
7 33 2.3182
7 34 0.07365
7 35 -5.0527
7 36 1.1339
7 37 -1.0716
7 38 -1.7612
7 39 -0.77361
7 40 -0.50913
7 41 0.24277
7 42 6.953
7 43 -2.6509
7 44 -0.75177
7 45 0.90418
7 46 -2.2033
7 47 5.6461
7 48 -0.29352
7 49 4.3636
7 50 -1.6842
7 51 -0.95064
7 52 -0.031315
7 53 2.9635
7 54 1.7602
7 55 2.3201
7 56 -1.4197
7 57 0.46109
7 58 2.9458
7 59 2.093
7 60 -3.6042
7 61 0.10243
7 62 1.0303
7 63 -0.02858
7 64 2.5278
7 65 3.1034
7 66 1.5829
7 67 3.075
7 68 0.032641
7 69 -1.5647
7 70 0.94838
7 71 -1.4532
7 72 -2.2607
7 73 -0.044863
7 74 0.42411
7 75 -1.1108
7 76 -2.5845
7 77 2.8913
7 78 -0.49897
7 79 -2.1909
7 80 -0.48497
7 81 -2.5131
7 82 -0.93208
7 83 -0.65103
7 84 -0.97696
7 85 -2.7877
7 86 1.8694
7 87 1.9619
7 88 0.8835
7 89 -0.88135
7 90 0.50061
7 91 1.0027
7 92 0.5362
7 93 -1.3427
7 94 0.71868
7 95 -1.8838
7 96 1.0872
7 97 -1.365
7 98 -0.91531
7 99 0.80422
8 0 0.39629
8 1 13.721
8 2 -0.83315
8 3 6.7434
8 4 -5.3921
8 5 -2.2138
8 6 -0.90026
8 7 -0.62337
8 8 0
8 9 9.1852
8 10 -1.4885
8 11 -0.87679
8 12 -3.6857
8 13 0.53545
8 14 2.4488
8 15 -1.7936
8 16 0.05429
8 17 5.6538
8 18 1.3258
8 19 1.5806
8 20 3.9078
8 21 4.5533
8 22 0.57457
8 23 7.4753
8 24 -1.0952
8 25 0.60565
8 26 -0.50491
8 27 -4.2867
8 28 0.56776
8 29 1.2299
8 30 -1.7541
8 31 -1.5164
8 32 4.1599
8 33 -0.83927
8 34 0.26807
8 35 0.59123
8 36 0.38941
8 37 -0.079022
8 38 -0.24175
8 39 1.9043
8 40 0.64407
8 41 2.1877
8 42 -1.8015
8 43 -0.96922
8 44 -0.11616
8 45 -1.8741
8 46 0.99111
8 47 0.81782
8 48 1.1738
8 49 0.46258
8 50 1.4642
8 51 -3.6726
8 52 -0.77892
8 53 -2.273
8 54 0.1673
8 55 -0.27789
8 56 0.64873
8 57 -1.5685
8 58 0.84099
8 59 -1.1273
8 60 1.3513
8 61 -0.068572
8 62 0.25202
8 63 2.5123
8 64 -0.19263
8 65 -0.83538
8 66 -0.79908
8 67 0.85412
8 68 -0.097549
8 69 -1.5303
8 70 -0.095834
8 71 0.026542
8 72 0.67236
8 73 1.0474
8 74 0.83957
8 75 -1.4248
8 76 -1.1942
8 77 0.49121
8 78 -0.04042
8 79 1.8428
8 80 0.9379
8 81 0.15025
8 82 0.25789
8 83 0.86854
8 84 -0.1159
8 85 2.5453
8 86 -2.1379
8 87 0.11917
8 88 -2.428
8 89 -0.95613
8 90 -0.54263
8 91 0.56747
8 92 0.25246
8 93 0.95432
8 94 1.1771
8 95 0.88589
8 96 -0.46421
8 97 -0.79071
8 98 0.85063
8 99 -1.1259
9 0 0.71568
9 1 -7.8512
9 2 0.99514
9 3 13.286
9 4 0.81356
9 5 -0.79059
9 6 -1.6785
9 7 -0.1133
9 8 9.1852
9 9 0
9 10 0.95748
9 11 5.3366
9 12 3.5697
9 13 2.0869
9 14 2.3118
9 15 0.70383
9 16 5.9569
9 17 2.2591
9 18 1.5024
9 19 0.86354
9 20 1.8724
9 21 6.2107
9 22 3.8426
9 23 -0.86153
9 24 -1.5303
9 25 1.6174
9 26 -2.8596
9 27 -2.8262
9 28 -3.0341
9 29 1.4026
9 30 2.7912
9 31 -1.3071
9 32 0.56198
9 33 -1.9845
9 34 9.8679
9 35 1.6461
9 36 -1.6438
9 37 0.56134
9 38 -1.4948
9 39 -0.44981
9 40 -1.8062
9 41 -1.9229
9 42 -0.69853
9 43 0.35552
9 44 -1.1093
9 45 -1.3697
9 46 -2.9947
9 47 -0.47096
9 48 -3.2675
9 49 7.1814
9 50 -1.9041
9 51 -2.1467
9 52 0.67024
9 53 1.4773
9 54 -0.048392
9 55 2.8552
9 56 -1.4627
9 57 -5.7195
9 58 -3.4849
9 59 1.4475
9 60 0.59623
9 61 -2.0724
9 62 -1.4122
9 63 -0.74165
9 64 -1.6372
9 65 -0.26742
9 66 0.55706
9 67 0.12786
9 68 0.22027
9 69 -0.82852
9 70 -1.0223
9 71 0.16877
9 72 -0.27307
9 73 3.2206
9 74 0.31217
9 75 -1.9226
9 76 -0.22018
9 77 0.31233
9 78 -1.7882
9 79 2.5477
9 80 -3.027
9 81 1.8927
9 82 -0.26393
9 83 0.44597
9 84 -0.6437
9 85 2.4562
9 86 0.62957
9 87 1.8308
9 88 -1.0836
9 89 0.41721
9 90 -0.010029
9 91 -0.01756
9 92 -0.39837
9 93 1.775
9 94 0.52414
9 95 1.6249
9 96 -0.70445
9 97 0.95472
9 98 0.37203
9 99 1.6845
10 0 0.83891
10 1 -2.6832
10 2 1.8337
10 3 -2.3981
10 4 -3.445
10 5 -7.8122
10 6 6.0592
10 7 -4.3045
10 8 -1.4885
10 9 0.95748
10 10 0
10 11 -3.4744
10 12 4.91
10 13 0.81731
10 14 1.0562
10 15 0.16836
10 16 4.2445
10 17 -1.1836
10 18 -2.5361
10 19 1.0561
10 20 -0.33412
10 21 0.63983
10 22 -0.29674
10 23 5.1025
10 24 3.7276
10 25 3.9406
10 26 0.62578
10 27 -4.6156
10 28 2.8733
10 29 5.8756
10 30 -0.069883
10 31 3.535
10 32 -3.1411
10 33 3.0548
10 34 -2.1081
10 35 -0.91489
10 36 0.3966
10 37 -4.6214
10 38 -4.0671
10 39 -1.6164
10 40 -0.68315
10 41 4.5736
10 42 -4.0935
10 43 -0.3285
10 44 -4.5347
10 45 -0.15069
10 46 -2.0921
10 47 5.421
10 48 0.16029
10 49 -1.9233
10 50 0.3337
10 51 1.3975
10 52 -2.3482
10 53 -1.602
10 54 -4.1772
10 55 -0.054222
10 56 -1.1038
10 57 -0.74216
10 58 -1.3242
10 59 -0.74572
10 60 0.10553
10 61 -0.68995
10 62 -1.0252
10 63 0.94305
10 64 0.0080121
10 65 -0.42778
10 66 -0.5062
10 67 1.7654
10 68 -1.647
10 69 1.778
10 70 -0.53866
10 71 -2.7542
10 72 2.9437
10 73 -1.3999
10 74 -2.5577
10 75 -2.6765
10 76 2.5417
10 77 0.43559
10 78 1.113
10 79 -1.065
10 80 2.5592
10 81 -2.7837
10 82 0.21515
10 83 -2.5333
10 84 -0.46157
10 85 0.14287
10 86 -1.5131
10 87 -1.5375
10 88 -1.2576
10 89 -0.3904
10 90 -2.2474
10 91 -2.1582
10 92 -0.0080548
10 93 -1.4953
10 94 -0.11889
10 95 -0.41774
10 96 -0.76962
10 97 -1.5317
10 98 -2.265
10 99 -1.4977
11 0 -2.8363
11 1 0.94798
11 2 0.81018
11 3 4.2725
11 4 0.33269
11 5 0.90032
11 6 -0.25189
11 7 -2.3405
11 8 -0.87679
11 9 5.3366
11 10 -3.4744
11 11 0
11 12 0.71128
11 13 -0.81485
11 14 -1.0426
11 15 -0.88128
11 16 -2.1223
11 17 6.7701
11 18 -1.4856
11 19 1.9886
11 20 8.5161
11 21 3.2099
11 22 -0.779
11 23 2.5496
11 24 0.84641
11 25 -0.7559
11 26 -0.57677
11 27 2.2248
11 28 -0.9213
11 29 0.95167
11 30 -5.3228
11 31 1.5126
11 32 2.5717
11 33 1.8399
11 34 2.6963
11 35 -1.5724
11 36 -0.50956
11 37 -0.093149
11 38 0.53552
11 39 -0.79716
11 40 0.9565
11 41 -0.96465
11 42 -3.0415
11 43 1.9346
11 44 2.0695
11 45 0.22868
11 46 0.76588
11 47 0.49151
11 48 2.8747
11 49 4.0107
11 50 -0.49764
11 51 -0.23856
11 52 0.087027
11 53 -2.2606
11 54 -1.6292
11 55 -1.6852
11 56 -0.60716
11 57 0.22785
11 58 -0.060364
11 59 -1.3782
11 60 0.35166
11 61 -0.71544
11 62 0.23542
11 63 -0.6465
11 64 -0.21519
11 65 0.23108
11 66 -1.0318
11 67 -0.58461
11 68 0.78469
11 69 -0.40936
11 70 1.3229
11 71 -0.55511
11 72 -1.4267
11 73 -2.6456
11 74 -1.1554
11 75 -0.28472
11 76 0.90147
11 77 0.10841
11 78 -1.0442
11 79 0.036314
11 80 0.42593
11 81 -1.8639
11 82 0.57499
11 83 -0.67943
11 84 -0.2043
11 85 -0.47889
11 86 0.80771
11 87 -0.92437
11 88 -0.79347
11 89 0.67403
11 90 0.91134
11 91 -0.14179
11 92 -2.2156
11 93 -1.1454
11 94 -0.041434
11 95 -1.9087
11 96 1.8923
11 97 -0.73802
11 98 -1.5712
11 99 -0.97348
12 0 -1.0671
12 1 -1.5809
12 2 1.4832
12 3 1.3987
12 4 5.3332
12 5 -0.3448
12 6 6.4534
12 7 4.7604
12 8 -3.6857
12 9 3.5697
12 10 4.91
12 11 0.71128
12 12 0
12 13 4.586
12 14 -1.7205
12 15 5.6141
12 16 -5.265
12 17 -0.045967
12 18 2.7804
12 19 -0.46778
12 20 -2.368
12 21 -0.20469
12 22 -0.96049
12 23 5.0527
12 24 -1.4291
12 25 4.049
12 26 -4.5289
12 27 -1.9535
12 28 -0.15459
12 29 -0.1084
12 30 1.1844
12 31 1.2623
12 32 -2.5179
12 33 1.1867
12 34 0.049633
12 35 5.0749
12 36 1.2093
12 37 3.5736
12 38 1.9907
12 39 -0.65235
12 40 0.85357
12 41 6.4838
12 42 -2.0667
12 43 0.086084
12 44 1.2654
12 45 1.1156
12 46 -0.33791
12 47 5.0244
12 48 -0.341
12 49 -0.9507
12 50 1.1512
12 51 -1.3915
12 52 0.28753
12 53 -1.8528
12 54 2.1286
12 55 -0.32384
12 56 -0.73591
12 57 -0.11673
12 58 -3.4477
12 59 2.5126
12 60 -0.84391
12 61 -0.018225
12 62 0.14068
12 63 -2.725
12 64 2.2897
12 65 0.63189
12 66 -2.0857
12 67 0.97147
12 68 -1.8599
12 69 -0.66831
12 70 1.9636
12 71 0.52329
12 72 -0.33556
12 73 -1.0654
12 74 -1.1132
12 75 0.28042
12 76 0.26478
12 77 -1.0489
12 78 -0.70449
12 79 -0.049027
12 80 0.32213
12 81 -0.26309
12 82 0.2593
12 83 -0.66973
12 84 -0.34739
12 85 -0.44817
12 86 1.3653
12 87 -1.6259
12 88 1.024
12 89 0.054806
12 90 0.46558
12 91 1.2571
12 92 -1.4443
12 93 -0.81413
12 94 0.63965
12 95 -0.41497
12 96 -0.085068
12 97 -0.67123
12 98 0.25516
12 99 -0.050811
13 0 3.5156
13 1 -0.29057
13 2 -1.1717
13 3 -2.3177
13 4 -7.0361
13 5 0.25495
13 6 1.3564
13 7 6.6601
13 8 0.53545
13 9 2.0869
13 10 0.81731
13 11 -0.81485
13 12 4.586
13 13 0
13 14 4.5099
13 15 10.349
13 16 1.5869
13 17 0.072094
13 18 -4.1937
13 19 -0.16601
13 20 0.028916
13 21 1.6598
13 22 1.1089
13 23 -2.34
13 24 -1.3782
13 25 4.7396
13 26 -5.1414
13 27 2.653
13 28 1.2535
13 29 -0.078107
13 30 -0.0044434
13 31 1.9561
13 32 -0.87894
13 33 -4.2778
13 34 -3.2243
13 35 -3.9502
13 36 -1.0493
13 37 0.83829
13 38 -1.3586
13 39 -0.97197
13 40 -2.3093
13 41 -4.6071
13 42 1.4051
13 43 -1.3867
13 44 -2.6649
13 45 -2.4245
13 46 0.52121
13 47 -3.2352
13 48 -1.4054
13 49 7.017
13 50 -1.0002
13 51 -3.7001
13 52 -2.0169
13 53 -1.6555
13 54 1.409
13 55 -3.1
13 56 1.2534
13 57 -0.13132
13 58 2.4011
13 59 0.27002
13 60 -1.4885
13 61 0.62698
13 62 -3.6375
13 63 1.0442
13 64 1.0799
13 65 0.67538
13 66 -0.76248
13 67 2.1247
13 68 0.64588
13 69 -3.492
13 70 1.0936
13 71 -0.91814
13 72 -2.5331
13 73 2.2485
13 74 2.7418
13 75 0.16478
13 76 -0.98235
13 77 0.076602
13 78 0.82348
13 79 1.3168
13 80 -1.1314
13 81 3.4491
13 82 -1.9833
13 83 0.60478
13 84 1.5134
13 85 3.0159
13 86 -0.7279
13 87 0.40977
13 88 -2.1355
13 89 0.44117
13 90 3.8712
13 91 -1.2587
13 92 -0.88179
13 93 -0.60499
13 94 -0.86696
13 95 -0.50839
13 96 -0.16649
13 97 0.2795
13 98 -0.69404
13 99 -0.79627
14 0 -0.0051726
14 1 -0.20105
14 2 -0.19524
14 3 -0.71871
14 4 0.011085
14 5 6.3847
14 6 0.42542
14 7 0.62713
14 8 2.4488
14 9 2.3118
14 10 1.0562
14 11 -1.0426
14 12 -1.7205
14 13 4.5099
14 14 0
14 15 2.8901
14 16 1.2926
14 17 -2.0693
14 18 0.17728
14 19 -0.88928
14 20 0.51701
14 21 0.091823
14 22 0.17214
14 23 -1.2893
14 24 6.9482
14 25 6.9889
14 26 6.2753
14 27 5.8019
14 28 -2.2339
14 29 0.71938
14 30 -1.8891
14 31 4.6197
14 32 2.1206
14 33 -2.459
14 34 -2.9703
14 35 5.8198
14 36 0.076124
14 37 0.65981
14 38 0.18428
14 39 2.7921
14 40 2.0873
14 41 -6.4417
14 42 1.2092
14 43 -1.7369
14 44 -0.36262
14 45 -1.3433
14 46 0.20843
14 47 2.4011
14 48 -0.091536
14 49 0.80355
14 50 2.2061
14 51 -2.0174
14 52 0.43984
14 53 -1.3038
14 54 -3.5652
14 55 2.5004
14 56 1.8285
14 57 -3.4885
14 58 5.2076
14 59 -1.1395
14 60 2.3832
14 61 -1.0824
14 62 -5.3988
14 63 -0.79273
14 64 -2.7363
14 65 -1.1037
14 66 1.2374
14 67 0.42183
14 68 0.20525
14 69 0.4064
14 70 -1.2422
14 71 0.36385
14 72 0.83713
14 73 0.96172
14 74 -2.299
14 75 -0.23522
14 76 1.6665
14 77 1.3429
14 78 0.35681
14 79 -0.71281
14 80 -0.42218
14 81 0.19234
14 82 0.27195
14 83 1.1614
14 84 -0.16272
14 85 -0.44743
14 86 -2.822
14 87 0.13113
14 88 -2.5091
14 89 0.62643
14 90 -0.82689
14 91 -0.6074
14 92 -0.4282
14 93 0.17633
14 94 0.14694
14 95 0.7126
14 96 -1.6486
14 97 -0.7642
14 98 -0.55346
14 99 0.14908
15 0 0.57367
15 1 -0.1639
15 2 2.1158
15 3 -1.0435
15 4 0.9406
15 5 -0.72543
15 6 6.1858
15 7 1.223
15 8 -1.7936
15 9 0.70383
15 10 0.16836
15 11 -0.88128
15 12 5.6141
15 13 10.349
15 14 2.8901
15 15 0
15 16 -2.9881
15 17 -0.72455
15 18 1.212
15 19 -0.48082
15 20 1.9056
15 21 2.6876
15 22 -1.11
15 23 1.5205
15 24 -0.14644
15 25 -1.8656
15 26 -2.6151
15 27 0.59422
15 28 -0.78283
15 29 -3.5314
15 30 -2.1762
15 31 3.2266
15 32 0.36272
15 33 -0.17345
15 34 1.8469
15 35 3.9525
15 36 0.66814
15 37 -4.3884
15 38 1.082
15 39 -6.9459
15 40 2.2799
15 41 2.3914
15 42 -5.1949
15 43 0.79996
15 44 0.47736
15 45 0.91063
15 46 0.21627
15 47 0.029258
15 48 0.35598
15 49 -2.6123
15 50 -0.36018
15 51 0.2181
15 52 6.1489
15 53 0.8801
15 54 3.5562
15 55 2.7874
15 56 -0.31109
15 57 -1.5355
15 58 4.1242
15 59 -0.077928
15 60 -0.54319
15 61 -0.61416
15 62 -0.86265
15 63 -1.3514
15 64 3.2646
15 65 -1.1792
15 66 -0.72652
15 67 0.73862
15 68 0.57345
15 69 1.94
15 70 -4.5183
15 71 0.49134
15 72 -1.2481
15 73 -2.9074
15 74 0.94577
15 75 0.975
15 76 2.5642
15 77 -0.85726
15 78 -4.548
15 79 -0.4452
15 80 -0.082702
15 81 -1.2252
15 82 -0.077272
15 83 0.7345
15 84 -0.85196
15 85 0.002072
15 86 1.2637
15 87 0.21933
15 88 -0.69311
15 89 -1.4115
15 90 -0.97059
15 91 0.71586
15 92 -0.21112
15 93 0.53397
15 94 -1.7837
15 95 -0.36351
15 96 1.3547
15 97 -0.91092
15 98 1.09
15 99 -0.54096
16 0 1.331
16 1 0.88522
16 2 -1.3631
16 3 -0.075272
16 4 -8.045
16 5 -2.1334
16 6 2.8696
16 7 -5.8162
16 8 0.05429
16 9 5.9569
16 10 4.2445
16 11 -2.1223
16 12 -5.265
16 13 1.5869
16 14 1.2926
16 15 -2.9881
16 16 0
16 17 0.097152
16 18 8.0903
16 19 -2.6049
16 20 -3.048
16 21 -1.4517
16 22 -0.67271
16 23 -1.0596
16 24 4.464
16 25 4.5507
16 26 -3.2918
16 27 0.21402
16 28 -1.1546
16 29 5.013
16 30 -1.091
16 31 0.70644
16 32 0.79567
16 33 4.6177
16 34 -2.1813
16 35 0.39763
16 36 -0.17582
16 37 -1.5011
16 38 -1.6625
16 39 1.176
16 40 -1.852
16 41 -0.30496
16 42 1.1473
16 43 5.1
16 44 -2.1005
16 45 4.2048
16 46 -2.0041
16 47 -0.44188
16 48 1.9213
16 49 1.5003
16 50 -0.079581
16 51 1.0075
16 52 -3.823
16 53 -1.5165
16 54 -3.5767
16 55 0.18058
16 56 -1.0087
16 57 0.31518
16 58 -4.338
16 59 -1.1624
16 60 -1.8614
16 61 0.21292
16 62 -2.6347
16 63 -0.33668
16 64 -1.0657
16 65 -1.0444
16 66 -0.53545
16 67 -1.9545
16 68 -0.71069
16 69 0.74689
16 70 0.4746
16 71 -1.3207
16 72 3.925
16 73 -0.97206
16 74 -1.0206
16 75 0.5673
16 76 -0.99929
16 77 -0.72793
16 78 -0.43007
16 79 -0.68215
16 80 -0.25164
16 81 -0.05705
16 82 -0.12803
16 83 -0.14736
16 84 0.42374
16 85 -0.30584
16 86 1.7907
16 87 0.056342
16 88 1.4259
16 89 1.1381
16 90 1.1588
16 91 -0.26159
16 92 -0.056299
16 93 -0.3734
16 94 1.8565
16 95 -0.54115
16 96 1.2293
16 97 -0.55443
16 98 -0.4382
16 99 -0.11886
17 0 -5.2162
17 1 -0.60548
17 2 0.55701
17 3 6.649
17 4 0.91224
17 5 0.013188
17 6 4.8354
17 7 -1.1128
17 8 5.6538
17 9 2.2591
17 10 -1.1836
17 11 6.7701
17 12 -0.045967
17 13 0.072094
17 14 -2.0693
17 15 -0.72455
17 16 0.097152
17 17 0
17 18 -2.2971
17 19 0.74794
17 20 -4.2322
17 21 2.7546
17 22 5.1302
17 23 -3.5944
17 24 0.12047
17 25 -0.31057
17 26 1.0431
17 27 1.7511
17 28 -1.1283
17 29 -0.76354
17 30 7.962
17 31 0.29495
17 32 3.0406
17 33 -2.1801
17 34 4.0392
17 35 -1.7062
17 36 2.3486
17 37 -0.092293
17 38 0.35779
17 39 -0.53864
17 40 1.1463
17 41 -0.58236
17 42 0.89924
17 43 -2.2246
17 44 0.42155
17 45 -0.80859
17 46 -2.6593
17 47 1.5756
17 48 2.0108
17 49 -1.0789
17 50 -0.026599
17 51 -0.36443
17 52 -1.9549
17 53 4.2325
17 54 -2.4842
17 55 0.04788
17 56 0.44184
17 57 1.9103
17 58 -1.4256
17 59 -0.49256
17 60 -0.19297
17 61 0.18949
17 62 -0.95404
17 63 -0.27115
17 64 0.88511
17 65 -2.2474
17 66 -3.1799
17 67 0.2764
17 68 -1.0352
17 69 -1.2871
17 70 -0.10681
17 71 -0.042267
17 72 1.0822
17 73 -0.78402
17 74 0.7129
17 75 -1.4343
17 76 -3.0687
17 77 0.099802
17 78 -0.11181
17 79 -0.29699
17 80 0.29266
17 81 -0.32471
17 82 -0.69222
17 83 0.2856
17 84 0.77082
17 85 -0.24107
17 86 0.80122
17 87 0.36932
17 88 0.82584
17 89 -0.4231
17 90 0.84527
17 91 -0.23458
17 92 0.1805
17 93 0.22476
17 94 -0.28763
17 95 -0.48784
17 96 1.0102
17 97 0.44521
17 98 -1.239
17 99 -1.1806
18 0 -0.38393
18 1 -0.18855
18 2 -0.75649
18 3 -0.70577
18 4 1.7756
18 5 0.60259
18 6 -2.6865
18 7 1.324
18 8 1.3258
18 9 1.5024
18 10 -2.5361
18 11 -1.4856
18 12 2.7804
18 13 -4.1937
18 14 0.17728
18 15 1.212
18 16 8.0903
18 17 -2.2971
18 18 0
18 19 -0.21349
18 20 0.55897
18 21 2.2661
18 22 -1.4537
18 23 -1.196
18 24 -0.89676
18 25 -4.1041
18 26 -1.0026
18 27 1.0397
18 28 -2.7116
18 29 -0.57906
18 30 -1.499
18 31 1.7969
18 32 1.0364
18 33 2.5695
18 34 2.4559
18 35 0.49431
18 36 2.5296
18 37 2.2041
18 38 4.1637
18 39 -0.48825
18 40 2.7966
18 41 -1.3391
18 42 -2.7647
18 43 1.8323
18 44 3.7904
18 45 4.0973
18 46 -1.4299
18 47 -0.95043
18 48 -0.60223
18 49 -0.012051
18 50 -2.2416
18 51 -1.1903
18 52 -1.8536
18 53 1.2221
18 54 2.5566
18 55 1.1143
18 56 1.6201
18 57 -1.5489
18 58 -1.9371
18 59 -1.0396
18 60 0.65317
18 61 -0.78786
18 62 -1.391
18 63 2.2062
18 64 -0.73204
18 65 1.0819
18 66 0.91223
18 67 -1.4057
18 68 -1.8031
18 69 -0.23641
18 70 0.098982
18 71 -0.57757
18 72 3.6498
18 73 0.60093
18 74 -2.2104
18 75 -1.0764
18 76 -1.7319
18 77 -0.72455
18 78 1.0607
18 79 -0.10449
18 80 -0.21124
18 81 0.43894
18 82 -0.8
18 83 -0.12071
18 84 2.209
18 85 1.7728
18 86 -0.15002
18 87 -1.1585
18 88 -0.070298
18 89 -0.0022081
18 90 4.2796
18 91 -0.64653
18 92 0.87688
18 93 -0.63932
18 94 -0.20591
18 95 -0.42504
18 96 -0.95579
18 97 0.46495
18 98 -1.8643
18 99 -1.5195
19 0 -1.3587
19 1 1.0516
19 2 0.36321
19 3 0.076763
19 4 -2.297
19 5 1.2756
19 6 3.553
19 7 -1.9655
19 8 1.5806
19 9 0.86354
19 10 1.0561
19 11 1.9886
19 12 -0.46778
19 13 -0.16601
19 14 -0.88928
19 15 -0.48082
19 16 -2.6049
19 17 0.74794
19 18 -0.21349
19 19 0
19 20 4.9403
19 21 -2.0651
19 22 -0.66637
19 23 3.9905
19 24 -1.3677
19 25 0.59692
19 26 0.4483
19 27 1.3882
19 28 8.9124
19 29 1.8806
19 30 -0.78351
19 31 -0.54536
19 32 1.9686
19 33 2.6853
19 34 -1.784
19 35 0.020163
19 36 1.4514
19 37 3.0132
19 38 4.5966
19 39 1.6176
19 40 3.5825
19 41 -4.9118
19 42 1.2319
19 43 -1.5041
19 44 0.91959
19 45 2.4289
19 46 -0.32464
19 47 -2.6505
19 48 2.3993
19 49 -1.8324
19 50 -1.0488
19 51 1.1164
19 52 0.7521
19 53 0.40603
19 54 -0.5741
19 55 0.46245
19 56 0.69308
19 57 -1.6224
19 58 -1.2566
19 59 1.668
19 60 -1.2663
19 61 0.95464
19 62 -0.29874
19 63 -1.7401
19 64 1.7821
19 65 0.20708
19 66 0.24356
19 67 -0.36511
19 68 0.18164
19 69 1.9106
19 70 -0.981
19 71 -0.39627
19 72 1.6493
19 73 -2.8304
19 74 0.40542
19 75 -2.1638
19 76 0.58083
19 77 0.19979
19 78 -1.2427
19 79 1.1294
19 80 0.82637
19 81 -0.7969
19 82 0.12315
19 83 -1.3893
19 84 0.23548
19 85 -0.35713
19 86 1.0642
19 87 1.6571
19 88 -0.12566
19 89 0.063504
19 90 -0.16852
19 91 -1.2967
19 92 -0.87126
19 93 -0.44341
19 94 -0.14614
19 95 -1.1884
19 96 2.2959
19 97 -1.2758
19 98 -0.60741
19 99 -0.88157
20 0 0.01539
20 1 3.3773
20 2 -1.473
20 3 2.8346
20 4 4.9035
20 5 -1.9134
20 6 -1.1529
20 7 -2.5258
20 8 3.9078
20 9 1.8724
20 10 -0.33412
20 11 8.5161
20 12 -2.368
20 13 0.028916
20 14 0.51701
20 15 1.9056
20 16 -3.048
20 17 -4.2322
20 18 0.55897
20 19 4.9403
20 20 0
20 21 0.22193
20 22 -1.0106
20 23 7.3231
20 24 -1.4868
20 25 -0.14071
20 26 0.025994
20 27 1.0528
20 28 3.5799
20 29 0.52897
20 30 -3.1181
20 31 -2.1866
20 32 3.1985
20 33 0.41085
20 34 -0.34886
20 35 1.5541
20 36 1.047
20 37 -0.63162
20 38 -1.8067
20 39 1.4613
20 40 -2.5478
20 41 1.032
20 42 -0.24459
20 43 -0.19021
20 44 -1.8545
20 45 -0.018206
20 46 -0.90538
20 47 -0.20268
20 48 0.812
20 49 1.4336
20 50 -1.5022
20 51 0.63413
20 52 0.75808
20 53 -0.48832
20 54 0.77947
20 55 0.24941
20 56 -0.60929
20 57 -1.3929
20 58 0.05288
20 59 2.0275
20 60 -1.3275
20 61 0.090009
20 62 -1.8598
20 63 -0.59576
20 64 0.40298
20 65 0.73142
20 66 0.46459
20 67 0.03679
20 68 0.39558
20 69 1.2442
20 70 1.1461
20 71 -0.80193
20 72 0.51695
20 73 -0.29957
20 74 1.3477
20 75 -4.0328
20 76 -1.3838
20 77 2.1572
20 78 -2.783
20 79 1.1063
20 80 -3.1699
20 81 0.39214
20 82 -0.50005
20 83 0.23888
20 84 -0.68622
20 85 -0.51359
20 86 1.5974
20 87 -0.75017
20 88 -0.52803
20 89 -0.58536
20 90 -1.2588
20 91 -1.1328
20 92 1.432
20 93 0.90991
20 94 -0.80018
20 95 -0.71272
20 96 -0.24015
20 97 -0.46047
20 98 -0.35145
20 99 -1.5592
21 0 2.9467
21 1 0.62142
21 2 -0.83051
21 3 -2.2011
21 4 1.6459
21 5 -1.2702
21 6 1.3092
21 7 -0.86203
21 8 4.5533
21 9 6.2107
21 10 0.63983
21 11 3.2099
21 12 -0.20469
21 13 1.6598
21 14 0.091823
21 15 2.6876
21 16 -1.4517
21 17 2.7546
21 18 2.2661
21 19 -2.0651
21 20 0.22193
21 21 0
21 22 -1.1617
21 23 -3.076
21 24 -1.1028
21 25 0.3569
21 26 -0.59379
21 27 -1.0751
21 28 -1.3999
21 29 3.8642
21 30 -3.644
21 31 -1.5687
21 32 0.11804
21 33 -0.19997
21 34 2.946
21 35 -0.11017
21 36 -2.0224
21 37 -0.036519
21 38 0.73271
21 39 -0.032495
21 40 2.5717
21 41 1.2544
21 42 1.2267
21 43 -2.0504
21 44 0.7275
21 45 -1.5279
21 46 -3.4263
21 47 0.3778
21 48 0.38041
21 49 -2.0888
21 50 -0.48141
21 51 -1.2977
21 52 0.42985
21 53 3.259
21 54 -0.15129
21 55 3.7123
21 56 1.1107
21 57 0.44009
21 58 0.6199
21 59 -2.878
21 60 0.91033
21 61 -0.84787
21 62 4.8425
21 63 2.5211
21 64 0.41942
21 65 -0.0027803
21 66 -1.0408
21 67 -0.75029
21 68 -1.182
21 69 -0.38678
21 70 0.64174
21 71 -0.5785
21 72 0.87149
21 73 3.018
21 74 0.27019
21 75 -1.7328
21 76 0.52062
21 77 -2.0647
21 78 1.4113
21 79 1.6049
21 80 0.799
21 81 -1.3982
21 82 0.76342
21 83 -0.77472
21 84 -0.23059
21 85 0.57342
21 86 -1.3987
21 87 -0.25757
21 88 0.37402
21 89 -0.48212
21 90 -2.4883
21 91 0.96983
21 92 -1.4863
21 93 -0.10459
21 94 -0.72082
21 95 1.2897
21 96 -2.6719
21 97 -1.0278
21 98 -1.011
21 99 0.18914
22 0 18.813
22 1 12.523
22 2 -1.5875
22 3 1.777
22 4 2.2634
22 5 0.20968
22 6 1.0081
22 7 -2.0418
22 8 0.57457
22 9 3.8426
22 10 -0.29674
22 11 -0.779
22 12 -0.96049
22 13 1.1089
22 14 0.17214
22 15 -1.11
22 16 -0.67271
22 17 5.1302
22 18 -1.4537
22 19 -0.66637
22 20 -1.0106
22 21 -1.1617
22 22 0
22 23 -0.59906
22 24 -0.41489
22 25 -1.1762
22 26 1.4471
22 27 -0.16196
22 28 -0.22522
22 29 -0.089766
22 30 7.1976
22 31 0.50407
22 32 -3.999
22 33 -0.27705
22 34 1.0574
22 35 0.21894
22 36 2.7672
22 37 -2.6254
22 38 -0.21291
22 39 -0.82909
22 40 -0.78487
22 41 -0.63922
22 42 -1.0262
22 43 -1.11
22 44 0.3348
22 45 -0.49003
22 46 1.6883
22 47 1.0174
22 48 3.8294
22 49 -2.4
22 50 -0.74344
22 51 0.8426
22 52 0.15396
22 53 -1.7005
22 54 -0.51392
22 55 -1.1314
22 56 -0.22966
22 57 2.6581
22 58 -0.23582
22 59 -0.0010591
22 60 -2.2955
22 61 -0.7094
22 62 -3.197
22 63 0.49397
22 64 -0.21583
22 65 -0.32151
22 66 1.36
22 67 0.082834
22 68 -0.3268
22 69 2.166
22 70 0.76802
22 71 0.39585
22 72 2.7551
22 73 -2.661
22 74 2.1832
22 75 0.21754
22 76 -2.593
22 77 0.69875
22 78 -0.44375
22 79 -0.77314
22 80 0.14533
22 81 -2.3395
22 82 0.44824
22 83 -0.771
22 84 -0.30074
22 85 -2.7709
22 86 2.7465
22 87 0.20509
22 88 1.1339
22 89 2.0527
22 90 2.0686
22 91 -0.50212
22 92 0.010186
22 93 0.36997
22 94 0.66334
22 95 -3.3438
22 96 3.7792
22 97 -1.1362
22 98 0.99262
22 99 -0.91472
23 0 0.040024
23 1 2.7424
23 2 2.448
23 3 0.5299
23 4 0.90062
23 5 -3.7486
23 6 3.4632
23 7 -2.8343
23 8 7.4753
23 9 -0.86153
23 10 5.1025
23 11 2.5496
23 12 5.0527
23 13 -2.34
23 14 -1.2893
23 15 1.5205
23 16 -1.0596
23 17 -3.5944
23 18 -1.196
23 19 3.9905
23 20 7.3231
23 21 -3.076
23 22 -0.59906
23 23 0
23 24 2.3002
23 25 -0.23165
23 26 -1.2256
23 27 -0.96876
23 28 6.1983
23 29 0.20743
23 30 0.45142
23 31 -1.6155
23 32 1.203
23 33 2.2766
23 34 2.3171
23 35 3.2425
23 36 -2.8346
23 37 -0.030457
23 38 -3.1236
23 39 0.41572
23 40 -2.052
23 41 -0.71453
23 42 -1.7643
23 43 1.0386
23 44 -0.57847
23 45 -0.10112
23 46 0.63483
23 47 1.433
23 48 3.3449
23 49 0.68523
23 50 2.7632
23 51 0.54891
23 52 0.74471
23 53 0.21533
23 54 -0.51698
23 55 -0.51155
23 56 -0.86094
23 57 0.91056
23 58 -0.9839
23 59 -2.9783
23 60 -0.62683
23 61 0.48689
23 62 0.98458
23 63 2.8567
23 64 -0.073649
23 65 -0.34015
23 66 -0.70831
23 67 1.3206
23 68 -0.32983
23 69 -0.60504
23 70 1.8044
23 71 -0.37323
23 72 -0.86451
23 73 -0.83467
23 74 -0.50829
23 75 -0.74614
23 76 -2.7981
23 77 0.56846
23 78 0.29324
23 79 1.4266
23 80 -1.7651
23 81 -1.296
23 82 -1.0074
23 83 -0.82726
23 84 0.24717
23 85 0.53002
23 86 1.88
23 87 0.66276
23 88 -0.0049383
23 89 -0.083624
23 90 -0.68978
23 91 0.19522
23 92 1.4325
23 93 -0.55386
23 94 0.54904
23 95 -0.53788
23 96 0.94361
23 97 -0.99702
23 98 -0.6722
23 99 -0.31499
24 0 -0.30472
24 1 -1.6284
24 2 1.3813
24 3 2.9682
24 4 0.096426
24 5 -0.17592
24 6 4.9562
24 7 -6.3554
24 8 -1.0952
24 9 -1.5303
24 10 3.7276
24 11 0.84641
24 12 -1.4291
24 13 -1.3782
24 14 6.9482
24 15 -0.14644
24 16 4.464
24 17 0.12047
24 18 -0.89676
24 19 -1.3677
24 20 -1.4868
24 21 -1.1028
24 22 -0.41489
24 23 2.3002
24 24 0
24 25 1.8512
24 26 0.62925
24 27 7.7442
24 28 -3.4232
24 29 -0.4257
24 30 -0.96271
24 31 -4.2652
24 32 1.7328
24 33 0.76578
24 34 -0.10328
24 35 5.2907
24 36 -0.90118
24 37 9.0256
24 38 -1.3548
24 39 3.0225
24 40 0.76906
24 41 -0.78852
24 42 -0.51049
24 43 1.711
24 44 -0.18194
24 45 0.51087
24 46 -0.54312
24 47 3.471
24 48 2.8845
24 49 1.8475
24 50 0.12813
24 51 -1.4518
24 52 0.11275
24 53 -0.99422
24 54 -2.238
24 55 -1.3022
24 56 1.9699
24 57 0.58297
24 58 2.4571
24 59 -0.26153
24 60 0.96229
24 61 -0.34685
24 62 -1.6523
24 63 2.7135
24 64 1.4593
24 65 -2.3884
24 66 -0.59955
24 67 -0.66131
24 68 -0.069793
24 69 0.8929
24 70 1.0294
24 71 0.18816
24 72 1.2958
24 73 0.16278
24 74 -1.4339
24 75 -0.1951
24 76 0.37153
24 77 -1.0964
24 78 1.933
24 79 -0.25231
24 80 1.0747
24 81 -0.73585
24 82 1.2938
24 83 -0.24217
24 84 0.099545
24 85 0.82685
24 86 -1.351
24 87 -0.033341
24 88 0.69808
24 89 0.025433
24 90 -0.05503
24 91 0.2617
24 92 -1.0387
24 93 -0.35579
24 94 -2.8774
24 95 1.188
24 96 -1.6625
24 97 -0.47985
24 98 -1.0894
24 99 0.77874
25 0 -4.9145
25 1 2.6853
25 2 -7.4962
25 3 -0.27206
25 4 7.2746
25 5 1.8754
25 6 2.006
25 7 -1.4486
25 8 0.60565
25 9 1.6174
25 10 3.9406
25 11 -0.7559
25 12 4.049
25 13 4.7396
25 14 6.9889
25 15 -1.8656
25 16 4.5507
25 17 -0.31057
25 18 -4.1041
25 19 0.59692
25 20 -0.14071
25 21 0.3569
25 22 -1.1762
25 23 -0.23165
25 24 1.8512
25 25 0
25 26 -1.6414
25 27 -4.7146
25 28 -3.3886
25 29 2.158
25 30 0.62837
25 31 0.25438
25 32 1.6745
25 33 0.07156
25 34 -3.3998
25 35 -5.9955
25 36 -0.61479
25 37 2.5972
25 38 -1.0846
25 39 -0.95588
25 40 -1.3642
25 41 -4.5769
25 42 3.3397
25 43 0.40433
25 44 -2.4216
25 45 1.7291
25 46 3.1195
25 47 -3.0663
25 48 1.6759
25 49 1.7636
25 50 -0.78489
25 51 -2.3476
25 52 -1.4561
25 53 -0.76631
25 54 1.6181
25 55 0.33352
25 56 1.4237
25 57 -0.41575
25 58 1.5886
25 59 2.9517
25 60 4.7818
25 61 2.0831
25 62 -2.1478
25 63 0.16134
25 64 0.51241
25 65 0.75297
25 66 -2.492
25 67 -2.0058
25 68 -2.3378
25 69 -0.92159
25 70 2.3026
25 71 -0.6435
25 72 0.57911
25 73 1.3452
25 74 -2.2959
25 75 -0.50619
25 76 -1.1399
25 77 -1.005
25 78 0.94074
25 79 0.71182
25 80 4.1086
25 81 2.5395
25 82 -1.0337
25 83 1.1571
25 84 0.78204
25 85 0.21252
25 86 1.2263
25 87 -0.78239
25 88 -0.68365
25 89 -2.3264
25 90 0.62981
25 91 -0.078505
25 92 1.2395
25 93 -0.12994
25 94 -0.72521
25 95 2.1552
25 96 -3.8735
25 97 0.017007
25 98 -0.8368
25 99 -0.38809
26 0 0.87139
26 1 -1.6737
26 2 7.3504
26 3 0.45077
26 4 -6.7743
26 5 5.9028
26 6 -0.43178
26 7 3.066
26 8 -0.50491
26 9 -2.8596
26 10 0.62578
26 11 -0.57677
26 12 -4.5289
26 13 -5.1414
26 14 6.2753
26 15 -2.6151
26 16 -3.2918
26 17 1.0431
26 18 -1.0026
26 19 0.4483
26 20 0.025994
26 21 -0.59379
26 22 1.4471
26 23 -1.2256
26 24 0.62925
26 25 -1.6414
26 26 0
26 27 3.9772
26 28 3.0627
26 29 0.090504
26 30 -0.65722
26 31 4.5056
26 32 -0.80381
26 33 -1.6352
26 34 1.5502
26 35 0.62186
26 36 1.5016
26 37 7.4153
26 38 0.68252
26 39 2.3469
26 40 1.3014
26 41 2.846
26 42 2.7393
26 43 -2.5392
26 44 -0.24796
26 45 -2.3479
26 46 0.043322
26 47 3.0943
26 48 -0.72417
26 49 -1.9054
26 50 -0.81691
26 51 2.7885
26 52 -0.1138
26 53 -1.739
26 54 -3.2824
26 55 0.64985
26 56 -1.6074
26 57 -1.6511
26 58 0.13256
26 59 1.767
26 60 0.2064
26 61 2.3924
26 62 -0.84242
26 63 -0.41501
26 64 -2.2678
26 65 1.5595
26 66 0.55622
26 67 -0.43118
26 68 0.25232
26 69 -0.27832
26 70 1.2546
26 71 -0.25967
26 72 0.34748
26 73 1.4341
26 74 1.0623
26 75 0.75871
26 76 -2.3551
26 77 1.1925
26 78 3.2236
26 79 -1.0597
26 80 1.1924
26 81 -2.4
26 82 0.76067
26 83 1.0476
26 84 -0.58384
26 85 -0.51055
26 86 -0.73851
26 87 -0.17856
26 88 0.27345
26 89 -1.482
26 90 -1.6212
26 91 -1.2743
26 92 1.0897
26 93 -0.67341
26 94 -0.38501
26 95 0.59519
26 96 -1.1919
26 97 -0.33232
26 98 -0.2798
26 99 -0.11354
27 0 0.33485
27 1 1.6853
27 2 5.5554
27 3 0.33843
27 4 1.3189
27 5 0.70003
27 6 -5.2942
27 7 1.7852
27 8 -4.2867
27 9 -2.8262
27 10 -4.6156
27 11 2.2248
27 12 -1.9535
27 13 2.653
27 14 5.8019
27 15 0.59422
27 16 0.21402
27 17 1.7511
27 18 1.0397
27 19 1.3882
27 20 1.0528
27 21 -1.0751
27 22 -0.16196
27 23 -0.96876
27 24 7.7442
27 25 -4.7146
27 26 3.9772
27 27 0
27 28 1.1591
27 29 0.10757
27 30 0.21967
27 31 0.27335
27 32 -0.037868
27 33 1.9868
27 34 -1.7248
27 35 0.043079
27 36 -1.454
27 37 6.5323
27 38 1.4842
27 39 3.0566
27 40 0.87263
27 41 3.0438
27 42 -0.20106
27 43 2.373
27 44 -1.6315
27 45 0.98464
27 46 -1.123
27 47 1.1818
27 48 1.1635
27 49 -1.9189
27 50 0.29625
27 51 0.089515
27 52 -0.6335
27 53 -0.16129
27 54 -2.4526
27 55 -3.0618
27 56 1.5143
27 57 1.0893
27 58 -2.4498
27 59 -1.1866
27 60 -1.8524
27 61 -1.3546
27 62 2.9155
27 63 0.97253
27 64 -1.0478
27 65 -1.408
27 66 -3.0498
27 67 1.8235
27 68 -0.17484
27 69 1.2809
27 70 1.1447
27 71 -1.0989
27 72 -0.16406
27 73 -2.5485
27 74 0.36117
27 75 -0.31099
27 76 -1.7542
27 77 -3.7207
27 78 1.7028
27 79 -0.011602
27 80 -0.72117
27 81 -2.3738
27 82 0.75381
27 83 -0.52438
27 84 -1.2198
27 85 -1.1116
27 86 -0.38225
27 87 0.40895
27 88 1.5214
27 89 -0.87407
27 90 -0.43932
27 91 -1.3539
27 92 1.1494
27 93 -1.2789
27 94 -0.81834
27 95 -1.266
27 96 -2.9022
27 97 0.39422
27 98 -1.7026
27 99 -0.30901
28 0 -0.40468
28 1 4.1974
28 2 0.2079
28 3 -3.9255
28 4 -0.34997
28 5 -0.2146
28 6 2.4129
28 7 -2.0065
28 8 0.56776
28 9 -3.0341
28 10 2.8733
28 11 -0.9213
28 12 -0.15459
28 13 1.2535
28 14 -2.2339
28 15 -0.78283
28 16 -1.1546
28 17 -1.1283
28 18 -2.7116
28 19 8.9124
28 20 3.5799
28 21 -1.3999
28 22 -0.22522
28 23 6.1983
28 24 -3.4232
28 25 -3.3886
28 26 3.0627
28 27 1.1591
28 28 0
28 29 2.9089
28 30 -1.2519
28 31 -1.9332
28 32 0.77056
28 33 7.357
28 34 0.12098
28 35 -2.3735
28 36 1.5677
28 37 -0.73111
28 38 3.1855
28 39 2.4048
28 40 2.0114
28 41 -1.8998
28 42 -0.22366
28 43 0.90451
28 44 4.0305
28 45 -0.13452
28 46 -0.88652
28 47 1.2073
28 48 2.5834
28 49 -0.24078
28 50 -1.4845
28 51 -0.37881
28 52 0.22309
28 53 -2.4416
28 54 -1.0848
28 55 0.068644
28 56 -0.34356
28 57 -0.022695
28 58 -0.22243
28 59 0.11191
28 60 -0.77108
28 61 -3.5247
28 62 -0.81053
28 63 1.4768
28 64 -0.097923
28 65 -0.63658
28 66 0.64516
28 67 2.0961
28 68 -0.24083
28 69 -1.0964
28 70 -0.35473
28 71 -0.67948
28 72 2.038
28 73 1.0413
28 74 0.5782
28 75 0.55482
28 76 -0.84228
28 77 0.52385
28 78 -0.55153
28 79 1.5121
28 80 -0.59721
28 81 -0.25924
28 82 0.94837
28 83 -0.52101
28 84 -0.1119
28 85 1.8163
28 86 0.71238
28 87 -1.1764
28 88 0.45263
28 89 0.11887
28 90 1.2898
28 91 1.7325
28 92 0.60368
28 93 0.011493
28 94 -1.1849
28 95 0.15896
28 96 -0.85938
28 97 -0.10768
28 98 -0.7529
28 99 -1.1705
29 0 2.998
29 1 -3.7661
29 2 1.722
29 3 -0.19765
29 4 7.144
29 5 -0.18403
29 6 -1.9961
29 7 -0.83198
29 8 1.2299
29 9 1.4026
29 10 5.8756
29 11 0.95167
29 12 -0.1084
29 13 -0.078107
29 14 0.71938
29 15 -3.5314
29 16 5.013
29 17 -0.76354
29 18 -0.57906
29 19 1.8806
29 20 0.52897
29 21 3.8642
29 22 -0.089766
29 23 0.20743
29 24 -0.4257
29 25 2.158
29 26 0.090504
29 27 0.10757
29 28 2.9089
29 29 0
29 30 -0.55796
29 31 0.27058
29 32 0.64375
29 33 2.0403
29 34 -0.55379
29 35 -4.3047
29 36 -1.1413
29 37 -1.7162
29 38 2.1795
29 39 -0.59725
29 40 3.3837
29 41 -0.67051
29 42 -1.6194
29 43 0.15671
29 44 1.9891
29 45 1.8991
29 46 -1.8514
29 47 -1.1587
29 48 0.11847
29 49 -0.57331
29 50 -0.11631
29 51 -2.4467
29 52 -1.3392
29 53 0.10486
29 54 0.19583
29 55 1.4117
29 56 2.039
29 57 -0.081237
29 58 1.3799
29 59 -0.45204
29 60 -0.65383
29 61 -0.92223
29 62 -0.56261
29 63 1.8612
29 64 -0.13918
29 65 -0.37069
29 66 -0.41645
29 67 1.5386
29 68 -0.86746
29 69 -0.80057
29 70 2.2283
29 71 0.48269
29 72 -0.053667
29 73 -0.01902
29 74 -0.43847
29 75 1.0918
29 76 -1.8054
29 77 1.5787
29 78 1.1314
29 79 2.3761
29 80 1.5291
